1673
1220
1657
4199
2469
3729
168
436
5968
3701
3444
4088
3936
5766
5337
2942
7845
2613
6170
2069
3923
3840
93
2663
6820
6049
9496
973
399
3175
5346
7696
1508
8100
1652
8752
6331
6275
2635
6625
5312
767
893
8489
7762
2866
8756
4378
5261
9676
2438
7404
608
7601
690
2862
8479
1048
1286
3183
2547
2079
6852
3174
5657
3114
2970
6701
4210
3832
593
4093
7225
8883
2489
7501
8025
5983
8206
8984
6184
2982
296
474
4614
2802
8664
2124
4764
7237
5305
233
6512
2234
9816
5322
341
4348
3060
9184
8671
6760
5929
7476
2242
5752
8355
2448
9273
5662
8676
3590
4520
7531
2019
2384
4088
9737
6574
6720
519
3183
3051
5819
6824
1108
4882
3811
1683
9171
3981
415
6473
76
2848
7568
6137
8283
3879
4104
5663
1358
3842
8554
7542
2354
1060
8448
79
2225
6733
3799
3763
5352
9098
1356
5853
992
7023
5706
6519
8519
4887
4352
6505
1425
6379
6929
4269
8720
858
8034
7237
2175
7066
470
9400
3440
2765
690
8247
5392
2390
5661
6902
484
8985
8609
5700
9615
1927
6455
9621
9158
3649
8878
4816
3752
4096
7921
8424
9345
5496
7423
3519
7444
8190
8202
6097
574
5721
6964
5756
7400
2352
2519
3220
5318
6859
588
1538
555
5902
4694
9636
5804
8512
8432
971
6388
1779
9668
7446
7855
6259
5824
2885
3981
4331
3047
5497
4848
5013
1304
3519
5282
106
1029
7757
2348
9084
2645
6730
1098
3492
1888
2342
7226
3196
5419
6849
4814
3379
1226
1917
6477
3132
9874
4354
7695
2332
47
7245
8630
3853
5064
2656
5876
3751
1515
3439
5837
7947
2511
5239
9185
5206
5319
1153
5228
3779
7576
7267
397
3327
2742
7931
3352
6686
4458
8836
5359
415
4984
9129
3339
3451
1631
5161
3111
1540
9487
3957
7251
9064
2717
9036
9728
5808
5449
477
64
5214
8706
9324
8568
9037
7057
5607
9431
6825
2087
5039
5557
8945
441
6794
4871
6521
7527
2815
7883
6653
9703
5059
3232
4989
2816
1364
7909
9993
8987
1297
9281
5194
4739
3187
1326
6731
6692
5815
8908
2614
5237
4219
7878
3469
8714
9463
5338
618
2234
6124
1954
8893
6412
937
1896
7469
5986
7481
2559
3286
905
292
1387
8112
1833
4095
9028
9450
9068
3398
9002
704
2675
1953
2216
6800
4981
3339
4500
6156
3267
725
7378
8017
6258
8939
9197
3799
7250
4244
8606
8971
653
1162
2612
1168
4505
167
6340
3404
5340
6752
1503
1405
1458
361
7303
6595
5773
86
621
8082
1459
1839
4121
4604
3759
250
9624
1720
7068
1551
8401
2990
390
5945
1375
4353
8075
4737
2315
966
2849
1985
7420
7614
5053
5255
2837
3597
6680
9864
5333
4440
49
8626
8045
1046
3661
7898
846
9849
622
93
8045
1325
9664
4253
222
690
4988
6997
1916
5142
5814
5810
2739
1246
7278
3624
5033
6264
2166
535
9176
8198
6821
7558
1857
9834
186
6832
1250
4970
6298
4930
422
7261
8378
8686
8801
11
7344
3316
8041
7614
3437
2159
5282
798
4185
550
5269
9011
9835
2817
1030
949
2346
8163
1595
1466
2624
4447
3208
228
5182
5589
5677
8154
7474
2119
3518
2643
7246
2759
5855
3324
3219
9606
4732
8244
1074
8536
7093
6004
9076
4885
5991
929
9571
3856
4090
1552
5679
5096
581
5879
4796
7878
9682
3437
3796
5962
5331
2592
7234
9729
202
8784
580
1403
7884
3759
7853
2286
4012
2435
2331
4618
6020
9539
2973
3433
7029
9695
6539
1446
6527
7024
1270
2072
4993
463
6833
4915
4923
5183
9088
4876
4651
3261
8506
4461
9431
564
1207
7
511
6026
82
2194
424
9835
5149
8042
5174
4942
2974
5190
3942
5051
1282
7861
8515
8061
6304
22
3635
2106
169
2187
541
5769
6753
57
4435
5867
7388
3843
1755
3879
288
4691
3476
2924
650
2400
4935
5344
4237
3490
3854
1958
2337
4428
1849
1575
9209
4239
1856
4002
483
4461
7005
8362
6578
2149
5827
7027
5402
4504
8349
4308
6367
3387
8043
8914
5947
6596
7148
6124
8974
2423
5791
3460
3873
4822
9670
3750
9352
1397
2659
2886
5239
6251
3607
2343
2031
2798
5290
4833
6564
970
2885
1294
2931
2138
1569
6195
6985
6785
6593
3326
2740
7334
6052
6474
8670
9520
7585
1536
7086
2789
8165
1311
9148
3692
7519
6167
3756
3716
5683
886
5119
4024
7484
7699
7512
7721
4055
5587
5479
3315
9110
8928
5339
1705
3790
7939
2019
4803
7208
4674
9196
2806
7446
7885
5549
2052
8651
6874
267
1346
4550
5060
4768
9612
552
4253
6749
817
8826
1340
4375
1840
6575
6599
2110
1525
3748
7852
3713
7480
1054
1045
330
6000
859
4179
1259
3103
310
146
2990
6518
8970
6310
5623
9555
6029
3972
1359
9558
1752
5250
3980
9881
4866
7164
3648
9462
2617
1345
5132
4872
6561
3704
8308
2541
3672
3596
207
539
2156
191
4768
5469
9492
8183
9709
6701
9207
2579
7373
7840
4234
9922
3920
5143
6999
6373
3053
6306
8844
5384
867
4242
7948
2834
2011
3966
4377
6369
2101
1016
6231
9783
54
4789
5931
2574
7808
2050
4170
7703
4319
9403
3017
1337
2361
2864
9427
9960
8301
7038
9140
403
185
4491
8438
75
5692
8553
4737
6124
2009
6244
3250
4046
2390
6031
5401
1556
7202
9363
9181
796
7722
7526
5122
9179
1001
8536
4706
3860
229
7247
4734
3634
5361
5918
1634
5079
1899
7715
2536
2387
2005
6252
7298
2659
2500
5294
307
6116
6558
4501
8191
7215
2047
374
498
6674
807
7471
1415
8791
791
5209
8066
6843
4035
4099
4512
3628
3796
4920
5359
4623
6638
8713
992
3067
3883
3529
6562
3211
9884
4410
1797
5774
6902
2360
3831
5432
5494
5406
5923
4388
9582
4482
5792
5623
4823
9448
6610
7320
2189
2963
7707
5291
2844
4421
2972
8361
7168
7610
4167
5326
1909
5409
9465
3462
3189
3452
1850
3950
1186
7468
6495
645
2094
9638
1040
1920
6979
7320
6634
973
5994
6337
7791
9026
5225
2347
7239
3886
5888
6402
103
9109
4052
9765
4355
7828
8117
8494
9069
3992
8084
6345
323
7281
4362
1195
6578
5187
7184
511
6690
3147
3192
5823
5505
2974
5430
2970
6729
2608
213
6653
3861
6563
2808
7909
7380
289
1168
2226
1275
8267
5830
7050
9830
2800
592
6434
6300
4106
7430
5852
7063
3474
4946
3241
6820
9084
2545
4179
3601
359
4702
5093
9426
734
9766
5043
1873
1854
5797
7076
3634
7091
3856
1512
4904
9289
1632
894
7134
9929
6713
3228
1794
5912
1593
6060
7924
9009
8520
5913
8178
3740
2821
8840
5814
5350
7656
7071
5133
2897
8323
8587
3453
1181
3881
8271
6917
3262
898
7808
8461
1529
951
6608
3180
3775
3253
9681
3585
7473
2095
6003
7222
5153
686
2598
8682
5588
4676
2874
8813
3694
4349
9141
1883
6512
5112
6445
3478
3184
9433
1595
4865
7363
612
6989
9458
1827
5554
1157
347
1704
8060
4266
7292
5781
3398
3385
7269
6811
6922
5949
5590
1840
4773
998
668
4273
9125
9117
1322
4496
2901
7009
3360
1133
7073
9474
33
9158
6701
862
9915
5132
6319
5120
9057
9602
2341
1801
210
1713
704
6597
5658
2782
3819
7723
660
4856
7590
8934
6392
1251
2845
3016
9282
346
8041
2216
2098
4708
8002
2
5619
4810
9230
7123
7625
9693
4301
4733
7854
2654
3883
7185
8923
1537
1569
9346
9802
9966
8383
9067
2698
7835
4023
9490
2532
9732
532
2963
7785
1475
1085
9675
5490
8334
9793
9162
9246
8443
2491
1061
3053
5082
9430
8929
6420
5084
9801
9686
7082
9699
2768
4240
92
627
8808
9686
8759
1458
4749
8639
5242
7299
6852
54
9454
1111
1606
9137
9281
9583
908
9013
3814
7670
1649
28
1757
9189
5216
6980
6084
6631
7809
3165
8395
8322
8208
5513
5481
1104
9475
9261
7612
2768
5197
1637
9835
452
273
1444
7553
1042
164
7359
8001
5246
7084
8799
1860
7707
9314
466
5884
8615
1741
9536
8575
6493
930
9367
2845
7371
3338
3308
5880
4627
7287
175
6204
6666
5133
4796
15
9037
3483
5641
2562
2990
7554
8837
4650
243
8863
5222
9132
1421
6809
4066
7542
8259
3463
1358
5961
7106
9501
161
4394
7070
2397
6718
5676
8255
5542
778
1709
7656
5561
4310
2590
6169
2490
8676
2542
4666
7232
4195
7192
864
6160
6183
2678
8002
13
543
1598
5423
428
9275
4580
9332
2530
9081
9350
1826
3267
5796
223
4021
7744
4313
7952
8349
1987
5851
7505
1878
8805
4569
1749
8458
5536
1197
7208
7538
4177
5796
1108
9646
7841
9926
9782
1506
103
1726
4077
8776
9005
9261
2146
2616
9711
6975
5811
6932
5444
4356
5702
3440
7022
4901
2008
7298
6464
5290
9329
7519
7489
696
3980
5140
5007
4749
6651
851
2267
3028
7549
3123
4875
1734
2045
7501
6798
2622
5786
9036
7352
7013
891
3919
2090
5881
3944
7752
1741
5844
3543
9037
4849
5576
2174
8138
9417
1779
8772
3641
2378
9685
7452
1891
7469
1949
3573
5189
8348
5309
170
5350
9845
3880
4886
4681
8908
5392
7338
8337
2261
7729
8086
5594
8532
2237
9045
3947
7552
1869
9425
2562
3187
921
1115
6919
8820
2200
4311
4126
8753
5514
9173
9775
3295
5135
6217
5126
1434
6816
776
6853
7745
9107
3333
4686
1314
6968
8082
2750
9132
1273
4556
9853
1977
8410
9773
4486
8811
2022
9672
227
9080
5895
5228
3845
9934
6447
5236
3931
9860
8572
4658
6627
1237
9129
4913
952
6341
7179
5809
9326
8157
2389
5626
7170
3604
8566
1321
5424
9864
8634
9582
6980
7229
5752
9426
463
2845
514
9790
355
2339
4704
3033
1308
4345
8862
5828
2832
9382
5100
4619
3907
5293
1566
5918
1274
2953
4969
2325
5162
5367
2081
1284
3011
6519
3866
6880
7209
6008
5550
4247
5415
3247
8983
6338
7811
9837
4462
6840
6374
8756
5486
1521
1873
1127
1040
402
1116
5027
1361
1654
5650
441
7940
8927
5220
1607
1962
6186
9887
479
7399
421
7644
4945
312
6175
4372
1557
3199
9067
8109
8499
6156
5160
4722
3412
4070
9063
2060
5207
4983
6742
8756
1183
2105
3665
728
9912
6255
5908
1917
3325
2394
6029
5449
2818
511
721
2475
579
4398
8161
1951
4578
4291
8416
8085
8753
7580
2195
2078
1014
674
2221
5421
6275
9540
8001
189
3442
4894
3889
429
3071
2788
4766
933
6750
5866
4732
6789
2301
6816
8506
3604
3271
2623
2709
6085
7137
7870
8161
6160
3382
7265
6774
8456
6667
7600
8926
5941
4336
3283
6425
7817
8221
5825
5306
6437
9006
9547
5486
9518
9563
8673
1013
7919
7027
5166
9430
2751
5539
1601
3048
5674
774
51
4175
4371
8887
3460
3957
3762
1760
6246
314
4851
2890
79
6704
643
6988
9215
4867
8406
5202
3584
1026
8911
9328
5686
7610
7282
4825
5958
6556
1275
7331
126
3700
6083
8358
8493
8291
5347
2022
8623
8230
4471
6689
2750
7151
5561
546
1176
3370
3978
4518
9822
125
1853
7360
1362
2069
7310
517
2939
9046
8364
7604
2628
7801
8311
2019
5345
2412
5569
3525
7825
703
917
1002
4866
472
4880
6041
9369
3196
8476
8846
342
3068
5749
6016
3601
2713
7399
7776
9176
8483
3556
7634
325
2830
8694
3921
3509
43
1527
7290
4425
3077
8876
5469
5027
2913
1823
4605
9811
8791
9198
6015
9704
3311
5513
1158
7784
4997
8034
7971
9501
2332
1790
6287
3275
2498
9985
7258
9096
6678
1794
6043
3561
1463
5118
598
2484
636
3401
9639
5006
238
3972
8899
5282
9815
7386
2560
8289
7424
495
4778
4110
6872
3086
2731
1450
8167
8777
5014
5005
2206
8161
788
113
9656
2755
1474
5286
6699
6763
257
3138
8175
5780
7915
8123
9659
4046
1735
4050
3288
2270
3830
3999
4249
8962
6670
5640
3470
469
7855
8959
7246
7741
7403
9091
481
9762
4218
714
5035
9091
8906
9622
1954
7691
3122
6414
3827
7743
9841
8786
578
1898
8482
4309
9212
4418
1097
8461
804
1429
2395
2085
1691
698
7246
8759
7463
5665
8595
6334
3424
11
8912
8916
2436
5933
7865
7572
928
9592
775
8331
7081
9501
9221
7366
6841
3263
1240
8522
193
9504
1890
7058
1961
6617
1339
2382
6169
4646
5706
3484
7155
7598
9576
2996
6017
3072
2752
6719
1754
5835
8604
7478
3792
3077
2058
6158
2735
7223
9074
9536
5332
4464
8413
6446
624
9482
4906
2429
2675
8226
2186
9784
9918
3537
4965
9350
8062
4159
5332
4852
3492
689
4568
3826
4185
827
5214
5907
8382
1256
633
4115
3112
4076
3365
9529
8904
7478
569
4102
6620
8230
5260
9505
3739
2990
6536
1498
8866
5980
2383
4346
843
7285
1637
817
3025
9067
4791
3646
8793
6424
189
2950
2337
1606
3239
8892
8717
2825
5049
5078
4044
1635
6401
6877
131
7156
2179
5856
6703
2946
7068
9170
4036
6154
7503
878
6769
3270
8592
3752
2265
8066
5463
4712
274
9263
416
2350
4626
2245
118
2764
288
7306
4010
2977
6934
8377
3077
6901
5492
5797
8227
6031
3140
8481
9799
4659
8089
3288
5806
7164
7578
436
4480
6510
9893
5640
170
4887
7065
6402
6570
544
7446
7239
9652
6875
484
6770
246
7904
2680
3382
1708
4040
1170
1970
5379
2095
1249
9750
2215
8192
1751
3474
5634
5828
9987
1638
6126
4932
3601
5246
5745
6460
3161
4646
2406
6922
1265
3339
3081
1922
2538
926
9622
5512
1753
744
8998
3139
9648
4109
1634
376
6335
8404
7295
6963
6347
9617
4574
1761
492
2873
4403
4088
2130
492
927
3368
5502
1469
9906
5599
4959
9257
9405
8260
3848
6332
1151
3773
7226
7370
5454
9410
2213
6564
9415
8889
1960
52
6404
1710
8802
2440
4075
559
8103
7205
3877
3413
9909
8548
5404
788
5934
2836
6133
4788
6306
9348
9722
5879
8362
3915
1568
929
5636
9951
6594
5933
4799
7749
1388
8015
7277
2311
745
5244
4643
5517
2830
3551
6873
2391
5146
6155
5413
4812
7186
8657
8521
4013
9654
8003
6584
8874
2284
4926
6178
2530
7292
4060
1772
2167
4659
7804
4715
3661
498
8861
4294
4778
8825
5215
5135
4097
6170
8435
67
8368
734
5796
2375
1791
5725
7752
707
7739
1645
1543
1087
131
9345
366
9742
8753
380
2211
9110
7894
7739
754
5397
1254
1814
8469
6573
2298
8128
5633
6980
1898
644
772
6717
871
8485
9754
2983
7195
2971
52
4556
9866
510
2297
513
2623
1811
7917
649
207
6204
3882
4164
9907
6502
6545
1456
6092
174
4202
7905
483
1366
2671
9188
4429
4821
1854
7675
8439
5523
1586
3475
4038
7332
6658
4817
9289
5092
7867
4426
737
8026
8027
1747
4833
4457
528
8055
60
2210
9131
7891
4968
3542
2267
645
3100
9992
216
9749
7174
4035
8671
2
7640
3054
9664
1808
3920
409
8103
7026
4428
5995
291
6581
1805
3980
6710
1805
5042
6374
533
3313
7063
5493
7274
4569
5371
1316
7061
3473
7417
6670
1311
9588
8245
8242
2771
998
8167
3353
9133
1640
2473
6961
9353
887
3986
3150
5901
9108
9787
7001
4844
6201
8806
8392
6571
3021
9689
1133
9117
7545
2390
1633
2582
9736
4187
9476
1569
8026
7438
8613
3229
5269
1988
5358
4755
4529
9547
7856
5182
5121
2277
4952
2835
9185
2522
4312
6259
4991
6039
3828
3027
4289
1759
9801
1699
8139
5004
1547
2159
3634
2602
6245
7293
9514
3014
5852
1239
6259
1769
5938
3620
1351
683
8639
7365
7796
2354
920
4315
1494
1629
519
487
3578
4777
6425
5608
6217
9294
1419
2517
4378
2222
9077
3840
6959
9128
6455
7492
6899
3860
1746
4147
4684
3759
5590
1293
7780
5704
7312
1699
8300
1911
7833
3822
7631
5106
3604
8183
9984
8994
8281
3884
9472
3685
4136
7759
3627
1906
1293
1954
9516
1881
5973
4038
266
5967
3646
5152
7609
2575
1844
5275
3124
6642
2993
2504
9568
7140
8197
9513
6383
7297
9634
924
1163
6665
9599
8082
8877
3153
7151
5999
7269
2334
6693
7697
4373
2723
93
4048
3844
5377
4775
861
9374
293
9922
7243
4058
1520
3505
7851
3376
8942
255
7990
7492
5936
8590
5902
1492
954
3265
123
9452
4975
3592
7471
7918
5875
7387
8915
5109
7505
2319
1789
7714
8664
5364
9281
163
6052
1666
1886
1713
1886
1488
7639
5628
8335
9509
675
9534
3880
8512
1157
2639
4463
2833
5601
1273
6320
8888
9936
5734
6910
9488
9426
2012
4413
287
2271
5108
9136
4488
8671
9363
360
3223
3649
6564
7826
9381
1448
7568
9377
4515
5854
6368
3952
5052
5977
7165
3478
9824
3719
3703
8158
7705
4931
7816
6817
7189
6708
8563
632
1985
890
500
8052
1092
3805
3477
8162
9052
5105
7415
5208
3897
6707
8943
4544
2606
7479
7988
4048
4178
5247
2729
5339
9781
1751
1456
1503
9629
3427
7476
1348
5003
4692
2151
540
770
2686
5507
8802
776
4477
277
6446
7927
3891
8516
869
4304
307
9915
8733
7881
4067
9677
5048
4852
2244
3151
8638
1656
7164
8871
8749
5923
9868
5917
5326
5418
5703
59
4043
8337
313
4831
1027
3206
8058
3975
3985
5199
6106
6617
1083
4217
6407
1113
889
4626
5234
3996
9708
1401
4156
3185
1744
4105
3496
7593
373
824
5455
3539
4508
8761
8695
7462
6053
6482
4926
878
9915
2530
6998
686
4778
1872
3389
2504
4152
8338
2887
7679
9378
3104
8891
2355
403
2923
5586
4613
647
3684
2583
8578
4360
6993
3634
5669
634
8776
466
1077
4994
700
4923
8503
2291
4666
8027
4086
8184
51
8385
8150
2427
7733
9965
6984
9539
8938
3276
3623
6779
5043
2113
1804
9334
7172
3616
814
8360
8991
721
6136
6254
4953
4765
5685
451
6699
7558
9708
1490
5047
7096
5586
949
8497
5249
3448
2376
5869
5062
5714
5682
9886
790
7189
5148
7713
8662
5894
3333
8448
7491
1926
8052
602
2199
4749
319
9990
4079
2224
5438
6961
5146
9639
9701
5094
7786
8551
18
183
8299
4879
3198
6519
6470
4521
2323
8839
3877
6702
2263
511
1010
6599
7670
6
9065
7421
1422
6062
1364
4529
4363
8498
3543
3840
1458
7931
4497
9864
7259
4402
8224
1144
1004
5078
9788
7386
7666
5558
1207
779
6675
5439
5605
1206
6908
2407
4711
9995
1856
8107
1610
7258
5506
934
4310
903
9099
5240
3603
4861
1288
3271
6477
9840
2779
858
5710
9754
2799
5677
8528
6931
4739
7167
2434
4986
9868
8889
8124
7976
4486
7770
3499
5870
9673
2846
9595
2411
8420
4536
8957
7730
1377
1754
141
9955
2540
6834
7199
3940
357
6746
2499
3037
6998
1287
904
3123
3081
6974
8342
9082
7382
3189
819
7544
7984
1226
4200
4436
8979
9561
2076
6982
3787
7654
357
5441
871
9674
613
5249
2593
7863
1452
517
182
9340
8539
6298
5088
4840
8324
2529
5693
2132
1719
7038
81
5209
5838
2690
7564
6655
7125
7556
7171
4381
1951
3341
5829
2883
6861
8995
1877
3661
8111
4856
3292
1897
4404
8528
7697
2470
8246
3155
9565
154
7443
9083
8457
3907
1046
8102
6884
3567
8851
4039
1011
2607
1421
9108
7844
1866
1031
6797
9002
5887
1404
4420
7678
2141
8148
9392
5900
6271
1407
8402
1913
4745
415
2236
761
7682
9897
5536
5057
2309
2304
3986
2073
3406
7375
6792
304
8835
6845
1019
8565
5357
8950
7260
516
810
202
5713
9822
2891
7203
5429
1
2581
4405
5223
1199
7595
7724
798
469
6790
9194
933
906
4849
7742
7372
2959
9145
7415
9643
2234
6785
9468
7374
5672
788
4126
6502
7791
7335
2080
9195
4325
1006
4401
7653
9615
2283
5963
8007
687
3699
8338
9964
5384
7548
5821
7312
9046
4402
2376
8194
8230
6971
8616
2357
460
7886
3903
4164
2367
8609
6931
7571
190
1968
4964
4420
7093
3094
442
3577
3308
5563
3672
9984
3872
9058
5880
9712
780
6961
9264
7837
7682
200
2700
5805
160
1076
2622
182
7100
4926
6651
9733
6234
4996
1973
7052
1434
4495
6337
9248
951
3669
8963
3450
3188
3189
4811
2827
1772
6311
2505
667
5637
1191
5253
1864
3365
8273
1087
8566
4266
7760
1456
9663
3929
2645
2561
7769
1964
3627
5569
1020
875
4211
4348
8723
2327
5157
9729
7111
9900
1770
3388
5306
318
6308
1739
6903
8134
434
2654
5068
2105
9428
402
8626
5193
4179
8104
8150
8629
722
1195
780
1859
2090
4428
683
8604
2143
4867
6014
4380
3048
975
7056
5068
5189
3849
3395
2085
1243
5111
5985
2923
8113
3412
6251
9429
3909
7512
9917
9689
1672
5212
1256
725
7145
6662
9224
5332
5549
6083
7642
9951
8375
7552
3088
4880
7239
293
8338
6033
3558
6900
1431
5689
3281
7951
3415
7344
3548
128
8256
8845
2108
6175
7999
7957
6165
6286
1203
1791
712
9459
7317
9513
6782
8947
5211
607
6420
9156
2766
1501
5960
2642
6146
8853
2358
7441
6213
6240
5358
5101
9230
2706
2657
8805
7572
4947
8669
7298
2080
3149
1793
143
7280
3905
2252
3625
289
1597
78
7485
7860
1070
3683
5710
8318
5710
3105
2251
4877
3327
314
6341
2166
4345
3061
5624
1957
1023
9150
2119
9130
1202
8959
224
3237
5628
5889
9407
8737
3017
3698
1732
725
9585
1057
2563
311
7617
6018
4405
7185
6890
3626
9197
9605
9738
6756
2525
2869
4746
4744
3480
9681
6666
2084
5696
4270
8180
3494
9859
9425
1141
8866
1542
4075
2589
5960
3106
7524
9360
1764
9287
7981
7028
4360
4063
1137
5899
2067
1767
7961
4364
4015
9894
9738
1734
200
4312
5071
7544
6519
797
7224
2264
8479
696
3802
881
8188
2900
6434
9673
2486
5249
4977
9307
1370
9754
126
8250
3437
6628
9516
3891
289
5880
7793
9891
2740
3052
6137
1751
6157
2632
3283
5762
5284
8563
4452
3495
6918
5876
7496
8375
8169
7046
3503
3634
2049
5815
4620
3324
6359
4285
6667
4800
9860
9357
8373
3025
5631
7682
8484
3749
6874
1412
9195
2697
5879
5014
6867
2950
2204
9807
461
688
3018
6112
1528
3786
4402
6283
5483
4397
8633
2275
131
1432
8055
148
6662
5006
5139
9020
1276
8858
8769
5773
1469
5308
7840
1391
2351
5268
9464
5978
9456
7370
644
5055
2821
2077
3671
4947
4722
7348
9418
3927
1415
7703
1664
6753
8649
7534
3774
2377
7561
3891
3431
7531
8503
9594
5266
4502
2791
7853
461
2830
8261
1448
9931
3950
8205
4849
6778
5435
3850
373
8822
1949
3445
6042
794
122
2595
9715
240
6026
2365
3902
9737
8537
2089
3807
8819
8864
7319
9220
586
1053
7598
7992
4654
384
6941
9993
3455
7336
4001
7183
8814
5296
9184
4850
1865
6499
3847
3545
4327
3450
1093
9608
1769
5622
9973
4818
3195
4993
4189
3466
6979
2904
5705
4577
362
1427
5130
2218
5426
7748
6378
2438
8538
204
9117
854
2538
433
5188
1332
258
9590
7783
1581
9996
2923
7001
1633
2727
787
9488
9779
4274
4062
3745
7784
922
5538
5892
8019
5234
5095
3506
8132
5062
2967
2024
7301
6843
5973
3602
2759
7441
8080
5757
6695
6067
3471
5674
689
5114
9052
3135
2363
6515
1690
334
8790
7985
7930
6474
4290
4073
3517
8942
7897
8681
2466
371
2257
3816
982
295
7243
3528
2562
7550
6537
5969
5775
8771
700
9347
7583
5599
8498
74
1340
5323
4246
5622
5875
5052
641
8468
5671
1171
1133
3111
1489
4821
8395
1408
7520
3686
2672
6964
9330
9298
7677
2968
7345
5371
7966
5011
5408
166
9216
8378
6178
8530
8459
6173
9149
7609
5461
6372
9286
7343
937
4187
3745
2373
5806
9102
8880
4605
7940
7065
7917
5743
3396
2624
5650
4147
225
8328
312
2509
5229
7280
534
1619
7976
2854
6051
4741
2663
6458
7418
5349
1289
6600
9210
8732
5277
1106
6389
6562
8677
3773
575
1085
4551
1619
2240
9023
4883
3587
1442
9067
8000
4681
1230
8312
3879
5512
6091
9667
3562
1461
8532
9830
1575
1002
6459
6169
282
9837
7141
9895
5765
6203
2814
1804
2400
6289
1832
3074
6214
9585
3585
1852
1211
747
1210
1818
293
6948
1678
758
4355
4889
1544
7836
3189
4672
8896
1921
9066
9678
4692
6718
733
5487
4208
1042
373
3315
5509
4864
8425
7462
7978
1045
1719
1159
2419
5929
8202
7997
5101
5165
4994
4723
2362
1187
445
4923
8135
7927
3350
3069
1322
6583
7711
651
8980
2031
1335
5511
5373
4760
523
1228
5509
2620
1080
7587
5967
1163
4253
4261
3941
8448
6725
9407
6905
2383
1420
3189
4918
5909
3925
8896
8364
2339
1504
8379
8769
852
3833
3801
291
6928
6789
288
6294
8806
421
6136
5664
8167
4347
5169
3140
897
4598
6573
2829
8834
6081
124
6471
1904
5373
9585
761
3540
8474
8348
6295
4524
5779
7787
5197
6055
9426
3376
6935
1256
5246
6221
6413
2330
3651
3426
3223
2283
8095
3304
3562
7741
48
8677
3602
8909
2420
9561
9636
2528
581
6595
2600
4866
3461
6023
1649
8188
5917
7832
5730
6793
5759
4463
2222
6059
9001
7748
2135
3263
780
8139
1258
2502
4810
5586
7493
1692
4963
3615
335
8062
7367
1947
4000
5891
4054
5832
9195
5646
1336
4985
9561
364
6241
4574
367
5647
8947
1417
144
1650
8668
5392
9599
9617
6373
9311
7127
3311
5494
7263
3714
2033
7268
4145
6833
6850
8037
520
5606
1964
6180
6780
400
8059
1867
2326
3142
8556
7921
9609
7447
8067
1064
6877
3649
4170
7657
6226
2427
359
4143
775
1820
210
576
9648
2049
837
5632
5691
4206
7737
4107
3113
7302
6561
8949
6044
5539
7507
122
6666
6310
8220
4519
769
5385
7894
3623
6406
2554
3604
6522
7034
6043
9275
1952
5300
8982
7179
4914
6353
3069
8059
1032
3227
3093
468
2058
526
1001
3401
2676
320
150
5765
4293
1904
8070
2189
5023
6192
1320
5605
7080
7212
7797
6592
1504
9962
2609
4265
7146
2575
5931
621
5924
4403
2271
7908
8374
231
1001
9824
3542
9472
8164
8152
9447
6925
7874
8764
8504
7260
9199
991
3876
4290
4008
1027
8417
6626
667
4410
5806
5264
2465
1506
1452
687
3114
6279
9028
5060
4286
5249
3403
3441
4791
3373
8358
3593
2578
897
5833
4717
9465
6433
2238
5483
5408
6461
1301
1950
1822
94
8956
3024
4940
8750
1177
273
1593
8293
4153
1806
7282
2529
9390
5626
9481
8982
2865
6658
3573
4458
4840
1461
8775
9849
3375
2869
1538
610
362
1009
3573
2865
905
1134
5954
1554
2430
2110
1499
7036
4924
99
5123
7165
9747
6497
2276
9903
7770
4298
5219
1576
5797
6642
3171
6266
6967
1883
7957
9690
2729
3167
5957
7643
1241
5902
7017
6331
9880
3638
2184
4222
4408
7246
7431
9711
5828
9914
7231
8036
5388
1117
4486
119
1411
7058
9428
9206
9043
9837
4868
4984
4757
1330
3402
3872
3430
3920
9372
6456
9509
8466
9828
3422
2839
7403
2983
567
4081
2806
5206
3767
9751
8432
6982
6935
7837
3230
1978
991
7416
3642
5083
2436
1064
5951
5617
6017
3962
9809
9815
1563
3596
1277
7570
9684
9051
4583
6432
1185
6778
5302
8004
6473
1906
4183
7372
2732
2605
2300
412
2286
9988
6967
9026
1733
6860
1256
4091
1392
4361
7287
8847
970
9997
5229
3706
5519
3472
3419
6956
4985
1350
8262
7729
9651
9620
9505
1582
3748
2014
3419
8969
3673
693
2528
2102
3370
5993
5977
526
5408
5624
5247
1005
6569
1726
3515
8391
6885
1433
6701
1116
186
33
7371
3051
3686
1062
1570
9262
1332
5452
1871
2627
248
5064
1867
4105
7861
2979
6939
1496
9523
5769
1609
8961
1656
1377
3791
9382
5661
6214
7395
4981
123
924
6103
7759
891
7168
5488
6557
1308
9591
8974
8586
8033
1562
5636
4321
8300
3359
7430
2970
7731
4033
7948
4629
5632
8005
4037
3179
9562
7859
8517
3414
2070
2070
4908
9159
6320
8205
8009
9398
4656
4594
3582
7734
1575
3176
7431
876
9003
4239
98
2830
8242
831
3173
8138
9565
7763
4124
1714
2674
9798
8458
9216
4133
2617
8627
7378
7895
9810
6782
3817
8502
9626
6434
589
2854
1226
8709
9866
9048
7245
366
3820
2836
9222
5176
3828
4658
3752
4888
5047
4662
5903
7435
2247
7887
2303
6644
1268
7070
2144
1815
5279
4001
5418
407
5017
8852
6047
6152
5772
4176
3470
8870
9834
2876
735
7671
5003
1606
7452
3142
3902
596
1973
172
1439
4991
6675
9800
8632
4952
8119
4891
9225
8594
6155
2184
6785
717
2573
4386
2566
2253
6162
2109
428
9224
21
6715
4063
1368
9336
9131
7022
2868
7367
8651
8023
7969
3094
1710
7468
9846
5384
8750
2893
4376
4478
7533
3996
4062
2150
4212
9092
3245
2565
1591
3266
8083
7390
9434
4537
5215
2134
2510
7463
9932
2474
1132
2933
3874
7923
1552
9597
5126
2118
9805
3523
8927
6060
7011
2646
5583
9352
8229
9788
160
7032
3086
7550
5040
6707
4835
2090
107
60
2119
9422
8583
827
5842
6135
8244
1468
8091
6949
4871
9524
7972
1108
3157
4444
1140
274
1432
4226
5658
8232
5266
6320
3255
140
9424
9934
4919
7344
2841
2724
1077
9657
2382
9755
9004
9692
2534
9740
96
9226
8235
1055
4202
4384
4216
1277
6844
7758
5487
2093
9655
5616
4935
3017
8543
7115
2014
1593
9917
1990
3952
4664
1076
5843
1016
9318
6398
5264
5792
2
959
1364
8305
6702
214
5261
6999
2868
7791
8154
2394
8897
4658
407
8124
7545
5299
7776
9119
8536
9187
3092
6076
4402
5937
9829
8306
3186
1506
1939
5681
2465
4170
3165
8844
7224
7767
9667
5830
1047
6834
5398
4837
6556
667
832
1615
5932
9909
2506
8846
9218
447
9345
259
1488
1761
2440
1012
1718
1543
6609
8859
6216
9769
5958
6948
2099
1619
9348
9332
4797
8980
5326
4246
1692
7744
4460
2296
8485
3085
7283
5438
5882
6048
9008
3607
7138
1950
8233
1228
7740
7868
1018
2062
7766
5427
3879
151
8220
1531
871
8294
5351
5173
5858
2966
9616
2971
2465
8423
9393
8936
5270
7212
1009
5920
3681
551
3807
8639
3868
6892
2878
2665
7309
9226
1428
2318
5611
6265
6531
2008
3696
1227
1194
1661
7100
2740
4987
1424
8931
8342
5222
1494
4160
4014
7255
719
1192
2492
873
905
9606
3477
5642
2656
8032
9723
4201
3119
2359
121
7844
2591
305
9589
7860
4738
5386
3246
4280
3230
4702
8455
5815
6905
2002
4786
6562
1371
1524
1471
2433
9963
3360
4394
8190
6771
1992
3917
3229
455
7706
3106
1025
4594
6732
6964
7868
1141
3204
8472
8958
6234
4300
8242
1279
72
7079
3579
6111
1081
184
5852
3289
1412
1218
3789
8092
8777
4088
2418
5402
7999
6879
7814
2611
994
8606
2247
1892
4894
1824
5305
429
1653
7263
2501
6987
6679
9376
7011
8295
7239
2047
912
118
3268
383
5385
4977
8256
6312
9136
2809
7857
7521
3579
1615
4759
3784
9800
1070
4707
4087
8742
4799
5143
8535
7461
706
8352
4853
367
7424
9428
6495
3414
3895
6513
5344
1858
7365
3178
7667
5871
7412
9438
8639
2027
2113
6967
4270
8105
9386
5435
7368
806
9138
8882
565
1524
1747
2107
8970
9022
1590
7489
5821
762
4737
3171
7841
1618
387
4330
1357
542
4275
5884
77
1236
2396
4905
8953
2122
9637
7580
3556
2483
5987
3589
3536
5573
3550
2010
3348
8703
6839
8817
5283
2466
4472
2378
4286
7075
3952
7913
3001
8847
7214
1913
6915
8286
7063
7192
1885
8640
285
3832
3296
6707
964
1706
2915
3807
2571
6448
7526
1122
6557
6677
2545
144
8716
2104
2456
6340
2972
1582
7608
3216
8577
2673
7004
5620
5696
4063
6790
7115
3346
5828
4930
1398
4322
4380
8206
6902
7958
2325
8634
324
8943
9257
9921
2090
7389
338
8861
1617
4511
3978
9006
5624
3096
4407
7375
6235
9318
4226
925
9284
4431
9855
8533
7132
3141
5596
3752
7502
3081
8367
7031
6564
1024
2543
8404
6269
5008
7518
1158
4848
7175
3433
1768
2089
7968
8425
5140
7607
1026
9738
6928
4408
2202
3623
5752
7923
7813
4500
2116
4822
1553
8299
1633
2604
16
2233
740
7444
2716
3161
15
4795
9044
9651
3933
8021
6723
8819
2354
3412
254
582
7211
462
4386
5300
5405
3649
4569
6480
8446
517
793
7287
6132
8203
1055
8718
3470
2416
1430
5213
9684
415
6279
9280
1922
9718
4432
8197
7009
766
8072
7008
8620
5334
4891
2411
3490
7954
8307
2612
6362
4606
4624
9367
6387
3923
5882
3482
208
1683
9947
831
4369
7737
7236
4871
2203
4115
6011
3863
2716
3422
9092
3187
5216
3943
5465
109
5281
7522
3491
3303
5464
8011
6487
2855
9560
6579
8241
415
1108
2013
5993
8914
4297
5621
5948
7990
7553
3508
9102
6043
450
9081
6213
9265
8229
1206
9941
5378
7893
616
6190
9980
9328
844
6258
4006
4032
8952
4151
9535
4317
9915
9012
386
2943
9984
172
4925
5646
2697
7381
2147
3015
8190
4744
9154
8943
7139
8516
5524
9625
7200
8007
5551
197
9872
1554
4489
4533
522
2439
378
1571
8419
493
9436
6525
1554
2899
9695
7123
1117
8818
3428
9858
750
6697
8491
5655
256
9596
8243
271
5829
8218
2509
5169
4722
1459
3373
4786
5709
9606
9503
9893
1079
3651
3230
949
4064
1767
8785
6163
615
2789
2317
4893
2202
365
1326
8473
6510
9639
660
6296
4413
8004
4554
7168
3159
3262
7014
7625
1731
5149
3808
7098
3075
3531
355
7003
3000
4981
6140
4789
5333
1168
6651
4956
453
9432
6519
397
378
317
307
4385
6331
269
278
9003
5297
1917
1524
1774
8372
7061
8557
3603
2635
3440
1343
8552
6176
2344
4807
2736
9924
9698
3182
1114
5663
4580
7756
8216
7116
9124
1769
2400
7230
6666
5758
4027
5014
8184
6741
7549
4000
7974
6059
8311
6085
4078
7037
2474
87
8594
2989
581
7010
7035
6936
1918
7316
4399
6441
9665
5734
6693
1500
7932
6626
3005
4621
5600
2129
1234
9329
3940
6136
7399
3700
2351
9135
2403
227
2004
7419
1544
1596
7900
7574
8619
1357
7687
5022
916
3386
9839
2672
7364
3278
9332
8410
9581
7040
1242
9540
3469
6313
5504
2327
5129
4412
1951
6168
6456
5050
6208
574
8350
4837
1219
5075
4795
47
4951
5675
8985
5765
3581
2482
7484
7203
5248
6984
154
2826
746
7436
8299
5273
8582
8771
8732
3513
9716
4128
8890
9931
2453
3348
5833
6085
5353
4340
3499
5907
1255
7334
6875
6232
2426
9462
1450
1913
1326
6231
6855
809
244
5866
5675
5581
1269
9889
4492
7257
8225
4610
6707
3146
6251
9653
3892
1178
1424
5684
7770
2877
3032
3693
7337
6630
5504
1930
1244
5265
2197
3321
2284
7110
6428
9219
9059
8441
205
3958
4903
5730
6497
538
6098
6578
9435
9555
3834
6841
9895
1515
2748
5154
9259
3270
2544
9316
5237
857
6290
2456
491
4836
1917
6580
3700
7344
8311
7173
5463
9436
5387
4119
4170
1023
31
2981
3081
4651
5933
8296
3896
6077
1920
5218
7074
3988
7356
8225
620
5563
5392
9802
5453
3192
7874
8463
9128
70
1345
8494
3765
3506
7334
8187
3652
6722
754
2993
2334
2787
1436
7038
5470
7777
9789
4888
5240
8236
4889
5007
5016
1161
2713
368
6868
7204
8825
6292
854
1337
6017
2938
6508
7963
7321
9254
8520
6072
8107
6520
8967
3518
8
1157
8558
282
6921
3587
7468
9483
1250
3921
7234
629
7212
9826
6467
9826
4152
9964
7067
1448
944
7501
6789
2469
1687
6515
3023
7223
2684
7262
8581
8634
7030
2560
6256
1096
9472
9845
6
3177
772
6610
1532
3753
5543
7213
6215
986
7748
5358
3077
7490
4304
6459
8359
1539
8807
4989
3308
7829
1014
5645
7853
6491
6483
1904
7006
4822
7294
4056
3256
8906
5294
9847
1454
4690
1019
3524
2033
9965
2808
4411
4178
671
8128
1123
6810
8459
6230
1687
2319
9393
4230
9499
6767
4306
7080
8962
5647
944
9975
2381
3659
5425
2137
4336
2376
2234
1785
5782
1887
540
3866
7254
5497
9731
9078
8606
4100
5337
6902
1755
1608
8011
2337
6107
1080
8552
1946
1259
497
7910
1973
894
9832
5445
5998
8625
4310
8132
9400
3564
7036
9435
162
4447
6190
3343
2191
403
4614
5291
3763
8010
1462
6916
9496
6140
2381
4937
2115
3058
3251
5025
5862
9256
9858
8086
3788
4086
3810
605
2420
308
8474
1217
6198
8872
9183
3209
1998
3895
8026
9242
333
1835
2336
8958
2285
1621
1690
3172
9067
1360
2206
7192
4346
9741
7718
4004
1737
1812
5362
7464
2461
9835
1332
3108
5633
3273
9952
5714
3056
2240
5180
4884
9456
5088
5217
9186
8872
3132
4885
1620
5987
3741
2448
6352
2324
260
829
9660
437
1182
8913
8773
4057
5430
6343
7568
4361
1326
5183
1785
71
7611
5824
4333
7481
9485
3814
8987
21
3474
3498
5627
8928
644
7550
5217
8273
651
8106
9318
7882
2456
3113
3173
9258
5817
3715
7474
3121
4609
7766
4241
4092
9099
9711
4342
486
7890
5102
8316
45
1026
404
125
7474
2390
6958
2449
2364
2132
3444
6538
7467
8774
3282
9761
3812
7233
6479
2851
5690
2954
7739
8457
8410
3289
5657
759
3308
2386
518
9566
961
681
4291
8592
3549
9432
8727
1825
39
152
9630
1598
2174
4486
4983
7340
2936
6173
4493
5153
3148
5670
218
7918
6606
2741
4423
4912
1193
2823
1653
5056
2283
9883
6447
6369
6798
8554
6646
2061
7587
1767
2344
4515
3151
370
4758
6314
704
582
857
2393
9477
6015
8575
1855
2439
5486
2564
9864
8672
7597
4964
1037
1346
6806
4916
8281
7674
4804
2100
8373
6002
1224
6717
6697
8306
2890
1426
2776
9439
8936
8954
7961
7228
5695
2656
3078
3699
1025
3099
5210
3268
4187
3535
4633
1931
5160
240
952
4704
1815
9487
836
6513
1789
844
2018
5196
9135
5234
6581
5386
7611
2963
8521
4231
210
2788
5204
3039
443
4002
4775
7985
5532
9185
3672
5346
3135
8278
4765
3253
1398
3561
8962
4148
5375
2635
8673
8891
1829
8291
6838
1693
8894
9796
4253
31
3045
2037
2569
1007
6174
585
6176
2207
6814
7201
6829
8224
8714
6396
8967
3179
4633
569
178
4627
5618
3911
9686
1928
6707
769
8653
8987
3943
8850
1714
2848
8461
9961
9475
890
593
7911
3488
3328
357
6529
2961
7648
4040
8925
8103
4348
3344
8546
9466
6012
2249
5490
6247
2266
881
2926
5080
1048
5885
3064
539
4455
8666
956
2157
4117
574
2942
1162
5180
3982
6597
6889
4158
7676
1154
2809
6700
6378
6470
234
7682
3775
9886
68
8468
5772
9565
2720
2927
3903
5779
1177
4893
2736
7532
687
5163
4890
8908
2425
513
2243
829
6276
3636
3455
5707
1006
9131
7277
2271
3793
5815
7848
7398
7957
1456
247
7000
5404
5413
7883
1451
3196
6732
5765
6893
9902
653
7821
602
353
9706
8217
6760
2220
2772
8593
2408
6398
9477
4571
1016
6445
3417
9490
9130
7350
1924
4134
8719
6383
9285
942
2900
7647
7274
4542
9559
9920
8082
8873
758
7257
2982
264
4299
9169
688
8386
3530
7714
522
1684
1831
7497
823
3757
5511
3051
2444
4530
6727
104
4743
8253
4997
6839
3734
9639
7198
338
5327
3543
1054
5939
7094
4584
1409
8904
7296
9184
6923
5571
9609
8965
1423
6899
1738
2977
8631
5293
247
1362
5255
8543
8455
7131
4451
81
7677
3904
6497
3136
9891
4709
6376
1305
3545
6044
6707
41
1509
9552
2004
8876
9338
8130
8090
9776
1372
904
4026
3731
7732
4747
9466
280
2068
7139
5894
9485
1632
7913
1607
1601
7002
1148
464
1433
674
1799
9806
3858
1908
9099
1924
8355
1474
6705
1268
1549
1478
8968
133
7760
1327
8712
8193
8024
2951
3838
7087
5284
3776
2632
6368
733
658
9915
4729
3146
9216
9997
1041
9262
9087
129
5016
2671
4734
7946
4229
8020
1696
5433
2117
4050
8419
2850
6919
163
4848
2159
3549
9619
642
5336
560
9604
2122
5792
9098
7677
1252
4529
3943
9898
9075
5752
3732
9484
5155
6444
1720
8472
9407
8483
6852
7573
90
5127
1924
2704
3486
3851
3151
4126
7130
5362
927
9704
3005
5053
5219
4259
7143
2055
2029
9817
1662
1299
1226
3069
2696
1855
9268
2183
1419
9276
5953
5625
4846
2365
9615
6410
1227
8236
5453
4836
5549
5454
423
365
4224
9135
1963
8646
884
7001
8911
7004
4259
6148
6927
2171
4241
4278
8982
4484
5617
789
4738
583
7601
7121
4265
4652
9633
4458
9601
3536
2564
5835
6761
4981
2949
5811
2161
975
2703
8018
7834
2922
4869
8417
3593
7610
5728
8890
8403
1313
1771
4532
4292
3665
8709
6092
9036
3421
8606
8133
4841
5248
4136
5608
5118
4810
9628
1896
4003
8373
5824
8390
946
9745
19
9647
4457
695
7597
4230
2855
2359
2948
2998
9911
4538
9369
3152
100
1775
3191
9999
3984
4254
4901
5488
1346
4354
6652
3652
110
3456
290
4339
7603
7375
2377
8706
7410
8990
3940
751
4452
9212
6677
1118
4520
698
2127
6645
5544
239
4285
9972
3019
6579
2163
5485
3942
2522
2707
2108
1841
6734
9417
196
2857
7458
8774
2798
1602
2594
3502
1296
978
3469
7241
3201
2223
1686
2317
1320
2379
5965
7428
6496
4853
2743
7324
9475
1056
5747
2815
8111
9682
7939
5073
4539
1680
8033
7115
409
7716
5627
3163
8122
7128
3821
7167
9356
8788
1632
5623
8649
1297
3687
1283
2561
8011
9991
9173
6431
165
8242
1062
3341
2253
2365
6558
8799
3492
8483
2327
3095
8250
2073
9171
9783
9266
1789
7938
2084
5888
7372
8369
9164
3992
8845
1724
5158
1507
1149
5886
3267
7553
6295
7504
5368
9075
5980
7902
6512
6513
7574
3055
3024
1427
4667
5832
5187
4038
4315
2556
4487
5545
2960
2768
5214
1382
1718
9141
9533
9791
773
3803
9104
4522
2698
2969
3610
7981
4455
3010
3846
5701
7681
957
1653
8616
823
8408
6334
4950
4545
9175
8750
8944
9733
1959
1055
148
962
6229
2024
1156
8855
6215
1283
3413
7779
6886
2286
2472
9878
1278
1421
6105
5525
7183
7014
1169
4285
9577
9348
7137
9468
7732
4580
469
5587
8318
280
7895
1981
1668
3759
3100
6041
3469
4999
6983
6030
676
3065
2994
8714
3454
7364
2501
3544
2227
6258
7759
1328
9810
6215
1684
9244
1965
5250
3090
419
477
2421
4105
1452
2805
9650
3333
2825
5997
9236
4335
8221
4297
8887
2972
4760
956
2798
607
4346
7349
746
7086
1304
3856
2384
2150
8207
3633
1526
409
2828
3205
9430
6365
4178
2057
812
8674
5808
2169
9537
3028
4267
4833
1151
5024
5583
9200
7048
5442
9247
6080
7765
250
9309
3845
286
5992
1560
5967
4255
6766
2637
6719
2882
3534
8380
8315
5862
389
2101
7965
1003
3699
2606
5952
3392
5770
3449
865
7956
9863
7541
3798
2854
4356
6619
4033
1451
6706
5336
9077
5620
7547
33
8441
1292
1030
5556
1749
7457
479
9275
8922
2891
1517
6936
3030
4454
6187
8373
6959
2356
4536
6660
3415
5485
2949
4072
6631
294
4592
4509
9801
445
9627
7063
2343
2727
6732
3433
2647
3334
9221
7709
8674
7680
8781
7997
3236
765
1623
3379
2435
4889
4072
8571
1646
3316
3100
5216
5086
851
5231
9558
5902
1757
6125
2696
897
1137
4146
58
529
4752
6285
8658
5449
4707
5108
3998
2704
1819
6868
1506
7638
3834
7362
6382
53
4404
3204
2721
1070
2593
3407
3925
5062
5472
914
5571
9664
8428
4051
6176
7214
386
7740
7677
7709
6885
1063
1268
7319
8001
1207
970
3725
8650
7147
4451
9578
3779
5819
3621
5408
5751
2255
1282
7759
8994
3931
4246
5502
3169
5285
3785
1667
5512
8355
2757
3912
1251
5469
6471
998
3612
1006
8993
9351
4939
5335
9320
1233
2331
3342
6252
309
2218
1915
9784
9919
381
8727
8211
2250
838
9800
1430
2397
8565
8907
7760
456
3078
1680
1386
8593
6709
4903
202
4193
8310
4776
3146
4448
6327
7202
5529
5935
6785
108
2706
1764
1525
7611
505
1556
9299
1233
9844
5651
9126
6514
5048
7614
1058
8472
8251
8388
6063
614
771
8992
5953
9613
4177
107
6767
7374
9170
100
15
2618
5091
2131
2891
8915
8902
4132
2272
5463
6866
2724
7423
5416
7552
3353
7465
4780
4958
87
3064
9026
9449
1599
6518
2545
9308
6397
7325
3829
2166
2040
531
3713
2689
2958
2301
2085
7187
4204
1691
6766
2592
4856
9905
8214
8733
6402
5421
2115
2113
9894
2175
19
3761
3418
8944
6945
5204
6542
7602
1748
5304
2104
9839
9709
4012
9056
6466
7752
1121
977
5992
3081
3432
649
9958
1698
866
2220
477
8711
6510
7682
9331
8409
8060
5542
4848
6585
6435
4965
8220
1587
3880
1257
2740
131
7502
5477
8594
9783
2561
4447
8272
7863
1710
1409
942
6720
6837
5255
5803
5138
2915
4893
1218
1863
6257
3779
3982
5473
8026
3113
3437
6047
1260
7069
8641
9182
6459
7350
5186
3119
5221
3896
7002
2132
7308
445
4806
9560
8192
4954
2525
4566
8647
7565
6895
3177
5615
3949
283
6718
438
3869
1750
9697
9109
8234
6706
3407
9257
7234
422
1794
5589
5605
3981
8088
8498
7123
7244
542
6218
4683
891
3823
711
8669
1330
305
3405
1200
4852
2273
9456
8061
719
2749
2168
3515
3373
6227
4120
1002
6600
9129
9633
7957
2656
8160
2816
5736
6547
3953
70
6861
5657
9556
9627
7390
3259
3423
616
6983
3729
5093
3474
474
1784
1825
2085
6752
2275
649
4074
6581
7845
5328
9288
1239
9686
8711
9465
6000
4210
8070
8288
6277
9814
4443
6799
9844
486
6138
5831
6375
3123
8657
1468
4342
6663
6077
3984
709
4545
9301
1839
5047
9338
3293
5945
9401
3171
6264
6757
7360
2558
9329
6966
9311
7189
1387
6375
7328
5858
2135
695
5306
929
4055
3553
3802
2032
23
4692
6180
3355
2097
4826
8228
5105
6782
6811
5303
1087
7533
8157
781
5503
8874
5810
8032
4628
9885
2820
5820
6780
6488
4391
6136
5252
540
1145
767
5793
1903
262
2681
3620
3941
8474
1244
1398
3265
9680
4294
8709
8198
5072
1029
6139
8219
8011
3830
505
4092
5204
6560
9995
2248
2554
4064
7609
2230
8467
7797
2977
3210
9518
6049
914
2278
3620
602
5566
6943
9960
8471
810
2433
2305
4956
8121
4875
8051
8959
6723
8952
1407
4409
2455
2920
7691
375
7040
6564
7676
3401
8893
6694
2893
5660
7755
4009
557
4887
6793
9813
7671
449
6250
2376
2700
4396
9431
7399
7314
4375
7020
5628
5802
8188
8341
3820
3947
3176
4818
5736
798
8367
8269
4731
724
1624
2521
5834
2282
7441
5627
6250
7772
7902
7118
8291
1830
7225
9534
3424
6252
4982
2652
5635
2337
8220
3161
6358
8719
3098
1722
3261
6071
3225
7852
2413
6860
5049
3889
3
9697
45
4889
3398
2097
1406
9276
4807
9542
596
6846
4165
8872
1823
2193
7532
9890
2374
8419
9905
1679
9370
4530
4331
4825
4549
5768
4161
8245
9616
1364
8791
834
9258
7541
9710
1592
2420
7957
7268
3077
2904
1002
1428
9190
8559
922
4973
8822
4319
572
7703
6645
7471
4053
2769
8914
9528
4154
1279
6100
5098
7452
8691
3367
8
7926
3293
7202
964
1356
5022
6735
9017
6630
2914
9819
4379
4241
5862
4527
2089
5606
7114
496
2825
601
7253
870
3416
8561
2769
5626
2251
5706
9979
3127
2746
7634
8167
8857
1298
6259
9178
3924
9912
8580
8225
8998
8875
3226
6389
3654
2523
343
4539
1143
9968
2599
6537
7737
830
5493
2280
9990
9179
7302
9727
7584
9310
1488
1282
1529
6367
3721
6598
7569
6109
6850
1180
9665
9253
1880
1411
7219
6699
1547
1538
7643
9957
3501
6722
9844
856
3340
8068
2292
5472
9849
1700
8986
6455
5853
382
3436
7549
9724
2417
3529
7492
2732
8100
4841
9167
5869
5122
6743
6507
4628
5460
8339
5659
8854
8607
8989
2897
4860
2518
8065
1320
8263
6527
9655
2312
2292
7354
8686
8539
8003
934
6336
8260
4364
9682
8983
8076
8873
2561
6170
7740
1603
988
6162
4701
7270
9286
4671
7275
2258
3296
3971
9393
7911
2819
9082
8386
6215
888
1119
6451
9708
8667
3519
1011
1184
9866
2300
8967
5223
1256
4941
5319
6487
5078
6439
3468
4264
579
1438
8488
4924
7412
9471
9229
1569
2896
6246
9704
2041
9557
1066
7853
3915
6505
7544
8861
4201
8145
3401
9887
4408
9469
52
6557
1847
8153
9385
1860
3192
9343
5233
7804
5733
6858
7262
7589
7211
675
5310
4776
5519
5463
5146
1834
8184
3019
3111
5950
4102
4680
9925
8854
201
5308
4597
3887
5504
7616
4523
3389
938
6782
2811
6732
8836
9083
53
4046
1836
6647
1043
4156
8955
8711
9852
4804
1972
9879
2809
7821
6543
3026
18
7914
915
8975
5290
382
7048
7378
6768
3206
995
3755
7354
707
2217
5241
2409
9295
3097
9835
511
8028
754
8814
6412
8403
9461
5273
5978
2979
8641
9754
6028
8825
9484
5498
9576
8931
3356
5319
4261
491
3702
1161
6581
7185
1280
1524
8421
8310
5996
725
8420
3646
3906
8424
1001
212
5282
1466
9349
6234
5652
6192
1327
6894
5041
7448
4375
5788
8873
1908
755
9419
4720
5804
1072
5466
1743
6718
5159
1449
5447
3740
9604
6173
7168
1849
4042
2533
5710
6144
4168
3785
195
4234
1541
9120
5127
700
8071
9182
3023
9980
1943
8464
9537
6237
2339
7480
7221
4483
4693
3444
5809
5984
1803
8371
5522
5385
5482
619
3296
9920
5096
8544
5733
3184
6269
5810
9871
142
2809
5641
2708
5900
7208
4123
3520
4336
2219
6965
3280
1452
7080
7640
1752
2160
9347
9764
7602
426
9768
893
2550
6460
6981
2397
8879
9153
5588
6821
4413
7331
9769
3098
8999
9562
803
62
1433
8178
1358
9397
4152
1116
4541
8284
8882
8794
6506
2230
3997
7501
8127
1168
1879
9454
3191
6864
7765
3692
9892
1605
1676
1764
111
877
136
6926
444
2200
8777
1380
662
6806
8933
4651
1495
8930
8990
9123
1140
2648
7880
5325
1538
334
8462
9229
9782
4348
2484
4114
8910
6406
4456
5697
7158
5476
6041
299
6067
1471
6999
9786
6983
4006
2844
5545
1908
9002
4786
6516
1740
9650
3923
9516
3078
8010
2867
6705
3378
7285
3100
2974
2846
6517
4454
3168
3938
1795
4903
1589
5676
5675
9295
7346
6789
5944
2386
6730
7231
7627
6251
6545
320
1878
4881
1855
1613
7526
764
5283
9153
5666
5744
2827
3958
636
4049
3509
9637
9308
9712
2743
2249
5488
2072
1382
3786
981
4110
7309
5634
6222
1264
3170
3374
2655
4927
2732
671
7030
6901
8797
5731
4499
9461
3260
5316
5262
8252
4650
4198
9876
6167
8088
9235
6443
8745
31
9873
6112
5503
561
5583
8091
1953
3126
7803
4625
8811
4689
6762
3882
3556
4412
7799
8971
3645
8232
6650
9194
7410
591
6075
9253
8678
1647
3173
859
9541
2196
1171
78
3779
1647
2545
3815
3083
478
4252
4271
5019
4301
3840
7290
7974
4675
8690
2345
5560
875
5405
8053
5780
9687
4520
7432
7415
8584
293
9540
6788
184
3673
4135
8220
5684
1739
3224
8573
5909
808
9277
5110
6864
1747
3032
2566
2353
5967
2991
2309
2913
7722
5927
8925
3482
9106
6767
1836
1308
4533
9629
258
2553
936
8825
2685
6564
588
9492
3433
5567
4310
4328
5890
8998
1639
357
347
160
8650
8469
3887
4362
7764
8283
8348
592
1624
8164
2631
2037
520
2771
1956
9003
5463
6116
5931
6393
466
9960
2303
7072
5215
4576
2828
6943
102
3230
6114
1548
8291
8375
9475
56
168
3362
3015
2694
1516
7921
7429
2786
6496
3065
2859
5735
2477
2596
9486
7922
5089
8816
9299
4929
2327
1932
7387
7186
8719
2210
56
9599
3201
1114
4963
7080
452
364
7753
2896
4254
4005
914
7041
8066
7313
7492
3692
6430
5156
4530
9830
4428
7719
7179
963
7845
7802
1487
6536
2271
5923
6099
2348
8402
8172
6470
7463
1231
2200
6900
405
6140
9093
5949
9632
7015
2411
9649
9507
715
1928
341
5042
6592
6083
3851
7601
8243
4043
3968
2039
1423
558
4547
9348
1783
964
5524
4952
4442
9530
9015
8253
6296
3790
6735
7235
7614
9584
1202
8623
8397
4760
5265
588
2444
7437
4736
9472
2807
9265
6350
9168
6216
4395
8417
8156
9067
8299
2517
7566
6116
9707
7427
4962
2464
2669
8576
1889
9548
1220
2812
7116
5318
9938
7918
2999
206
9350
5251
9944
7922
6550
2666
8559
8285
4233
3482
1899
563
5654
4504
1921
9138
4384
9726
326
5311
5035
6385
1882
7766
8615
6659
7779
2549
9509
5258
4787
3147
7838
253
4511
8970
4354
48
5892
3280
8180
3586
8207
6796
9232
3786
4452
9514
936
9831
9336
5608
3217
3661
1426
4483
2678
7274
3579
5634
9157
1153
1956
821
2512
7036
1717
8457
6400
6654
6242
4120
7312
9461
3804
8760
249
3427
2468
6143
7051
8788
6777
1264
9774
537
5008
1673
4251
9210
8407
1948
7226
4432
559
2865
9403
6540
2509
6720
4593
9107
5956
5780
4382
37
2076
8572
8917
536
3992
3748
2711
5993
9607
4620
1470
93
7129
2223
6512
4400
5328
9497
3150
8439
6299
6820
6853
2342
2969
1907
1897
2027
1644
9617
479
1812
8396
4998
6478
8318
5570
821
6911
6695
7338
6987
2787
199
7484
476
4660
1904
7827
6097
2391
2568
1557
193
9719
6098
9190
8218
8445
5913
5374
4069
1692
5331
7150
4972
1378
2403
9794
5623
4253
3563
831
3505
195
6307
6262
3098
5215
6086
6842
5820
8833
7700
4125
6435
788
9910
9256
2505
4620
9193
8930
4900
1221
5100
6234
6912
4541
3723
880
2671
8633
4529
2277
4850
3873
1041
1059
2505
8758
4828
2325
408
6029
290
3908
6926
2081
1135
7828
5244
4410
4728
6289
585
914
7376
5033
8735
8314
9464
734
5426
9843
4556
6641
3521
5713
3425
5605
5193
6736
8204
7903
3599
4730
2755
5463
677
9492
904
1446
4199
4676
7395
366
4042
3522
3165
9088
7457
9483
8039
9273
2857
6364
2458
4479
9671
5469
4598
4386
120
7475
9828
2445
6273
9416
386
781
1553
3087
9559
1471
1925
5497
2940
4130
4600
8753
6778
8484
2632
789
6790
8495
6083
6152
5918
1483
1671
2516
9433
5063
4268
7400
1326
9265
6681
3109
1378
8354
7927
1588
2186
3348
3233
9607
4749
8832
3682
5558
9680
1741
8063
9073
9217
5976
5096
5071
6704
9963
6332
2743
6931
7265
8737
9184
4848
3161
2038
7718
5801
2521
5189
8441
893
9586
5733
6850
5017
6140
5798
3772
9386
6476
5370
1129
2166
1904
7877
2635
1835
5472
7982
5004
5210
7257
2382
8390
7313
3350
9742
599
1126
7378
8493
1779
2290
4620
4634
112
9132
586
8372
7511
5170
9973
1610
4573
4324
720
4111
7831
6272
6983
5222
2272
2305
7578
2639
796
770
3158
912
8466
2022
6795
4905
4307
4401
2216
103
5140
1960
9572
8095
5946
432
2442
5717
6647
2706
284
3342
3216
1899
4884
5319
584
2458
9323
8057
8422
3941
6966
8571
6028
5171
2537
880
2188
8836
1194
4734
2561
5828
2511
4277
6801
6138
2069
1483
7335
4496
1216
7791
8061
3276
5433
4319
8485
9013
4043
7496
2929
7112
583
8740
2573
5394
6496
3648
9849
3027
8615
6215
4371
1345
9135
9684
5284
8468
5791
1883
6486
4606
8186
9426
5829
4795
732
8967
4436
7680
8181
426
6613
8232
1910
8838
2787
2715
3520
4977
7527
301
6126
4346
6141
1522
703
4269
3761
8118
9856
4862
1385
1554
4327
6361
480
224
8360
9168
5976
2021
713
8104
7685
4770
4606
7986
5439
1175
6272
8146
5147
8602
8646
6604
4797
5570
5693
1388
5975
8657
4077
4757
8826
9406
1923
5847
373
7270
2481
9715
3359
6155
4115
9555
9499
1981
7014
7455
9482
7823
347
7373
5087
9936
3539
4169
5474
9373
6847
6160
5683
8071
8065
9813
7918
2355
5380
8897
5943
9561
9420
4346
943
1319
1784
3484
251
6503
5482
4580
5727
5004
2726
9787
576
4488
156
5004
8140
2948
4026
4380
7784
6944
353
3578
5848
6817
8590
8085
511
1816
5839
7621
653
7680
3014
2750
3933
5117
1265
5908
8712
3388
8855
4353
4622
2514
4770
2460
70
1512
5762
756
5789
3885
9397
1134
5642
7054
559
8897
5325
426
99
4801
728
5377
4498
7786
1423
6017
9598
187
4810
2211
2406
7753
9166
289
6376
8079
8538
382
2839
3272
4962
1595
4787
0
6737
8944
5596
9704
1720
7512
3326
7558
3473
4419
3809
1284
8634
6420
3188
788
6936
1773
3001
5974
5268
9083
2627
5432
9968
8137
641
4526
8682
8455
8908
3751
9772
7461
3657
8220
1569
515
3283
5363
8934
3795
7673
4141
6966
9920
6630
1422
5060
6664
6154
1207
7988
3507
8312
5536
6875
4584
7680
2622
8786
1029
3935
9715
7878
2222
5946
9485
7278
6388
1667
9715
6489
7574
3428
8909
5131
9913
8679
69
2358
5872
7223
8606
4139
8171
5600
9523
7418
7182
107
1749
2412
9101
2427
6851
9822
504
616
9585
6429
8281
5562
6159
1832
8118
3473
1387
3212
746
7036
5547
1808
3968
5288
4815
4612
9019
9604
1579
5785
9346
3044
8470
4760
37
9610
9850
5233
6094
5080
8669
3822
6513
8631
2543
5400
1347
3807
2100
6782
966
9356
5478
8458
3494
227
9837
1641
4016
7929
9686
9884
8967
6935
8503
4459
5818
851
9600
1203
1137
5739
6552
7462
1598
9924
3092
1642
7185
9903
1481
7579
5450
4181
850
4328
8689
5501
3577
6552
9628
8773
1002
709
8472
782
2993
709
6730
1834
4405
415
2264
3906
9365
9114
7338
2074
3857
3610
2386
3277
9308
4281
9557
1741
6657
9105
6690
3640
1826
2720
91
7296
5524
4720
2121
4826
9476
7574
6259
9054
4485
4035
4102
2768
9064
8224
9
7404
4481
6030
9829
897
7746
4899
522
2710
2751
6727
6251
6063
1367
4992
878
5355
5213
6822
7577
2170
8399
1488
3952
359
7957
380
6115
5952
671
8543
3751
372
9183
524
884
4712
3322
9084
8150
1862
3927
5660
2144
5759
6063
6162
3255
2437
7883
5361
7216
6656
4261
756
3663
3317
3786
8171
964
6824
21
3208
780
7049
4323
6197
287
8454
235
4325
6274
8331
7802
2966
4877
2142
2222
1218
4397
3732
298
5604
2214
8003
1728
1704
40
7161
4167
2829
3221
131
9288
1555
4218
2065
5877
7047
4157
7853
9891
7928
7903
2141
3367
8536
5334
3672
7739
3759
629
6871
9492
4830
1441
4400
5797
7735
7066
7049
2895
8558
4557
269
7843
4665
7083
8181
8036
4231
7085
8196
6450
3716
8900
911
8048
9841
3344
6943
8851
7447
9295
5029
6865
4113
270
5857
2200
8238
3470
