2801
7852
1875
3537
4918
900
2431
9757
4158
3830
3258
3514
7457
2655
5491
8744
2217
6942
4755
5242
2006
3506
7519
663
942
5722
5325
3208
7800
5020
7371
847
6229
3571
3698
2895
6984
3025
2179
4792
4049
1871
3656
3857
6713
990
3554
4811
5365
1128
8422
5053
160
9319
691
2177
1476
3640
6983
8942
1813
2215
5838
950
8375
4340
2270
8156
6835
3669
8453
9452
1025
425
3985
3580
7589
8329
919
2151
4761
3548
3864
9297
9944
4305
8840
5571
632
2977
4565
3434
6595
9933
7127
8165
5899
7637
6432
2302
3589
5728
7818
5459
2876
607
1314
8862
1435
5052
7554
47
8861
7664
3296
5920
5347
232
2355
772
9476
7582
1377
2464
2130
4118
7203
5909
8556
1974
1515
4335
8136
8997
2416
2106
3138
5242
6050
3205
4907
8898
893
5878
5273
4006
5043
2755
1392
5669
2738
4545
3968
2952
7148
3970
4932
6748
5993
4783
9574
6795
1551
7974
3407
7643
2242
1673
1267
8856
6077
9583
3259
1615
1856
1332
1485
124
2719
322
7965
2540
8400
303
6166
3293
3260
2313
1184
5176
9459
6913
7394
5860
7143
6583
949
9161
9647
1589
4359
9509
478
3144
3855
703
8201
1244
4690
69
3651
4859
755
2163
2171
8174
3369
8763
2103
5782
513
8636
8513
2143
9213
1632
4845
5528
5908
5197
4921
4754
9073
3062
4603
2425
3814
8299
4086
5012
4365
5619
884
2469
1664
404
7086
2806
6326
6448
324
3529
5228
7356
5083
9524
2421
7612
1500
9313
2592
8042
7040
3923
7974
7213
9085
1948
9832
1713
8048
6454
8561
3165
8411
7594
1543
2079
8040
353
4750
6184
6280
6602
5390
8318
1722
9666
3856
3799
1486
579
4162
2523
5846
4407
5234
261
2886
687
7060
9789
1873
7153
5031
482
4257
3169
210
7225
3416
8783
3475
9606
2733
3242
8703
9275
4169
260
3159
8802
9468
1225
9421
4437
3437
9066
3421
4346
2035
8393
6105
7918
2627
1642
4063
1505
5767
9502
737
1961
5516
4925
1917
4474
1878
9392
6649
8105
6589
5988
240
8282
7320
6553
8470
6303
853
5355
2204
9389
3144
8842
8903
8728
2499
9617
527
8120
7267
3867
7556
5623
7030
7582
4836
517
2841
7502
604
1574
8632
7114
7986
7866
2368
6003
1629
3659
8413
3061
2383
4005
841
6434
6865
9936
2509
4331
3758
5469
2829
2383
7043
9947
5741
1543
8570
6473
6389
3768
3223
8707
8787
4262
2335
6390
3612
1005
1308
5985
2560
6662
2739
4559
4565
2456
9468
4040
4468
9554
5640
6908
6622
844
8689
9506
8292
9038
1618
8776
4518
1153
4782
6787
6563
5081
9039
6371
5192
6830
2434
2818
359
2461
463
8949
9537
2205
2417
192
1668
1602
2526
9521
7148
2685
1909
494
1284
5336
9013
3742
9457
2662
807
891
2634
44
4567
3920
6014
860
9593
5277
1293
8167
3053
2229
5844
357
6104
8839
567
9975
9397
9164
9955
5595
