9040
8439
2056
2837
1031
7686
8938
9917
4577
2235
6153
6984
6249
8351
2219
3063
8002
9527
2007
8531
1193
4397
3995
756
4785
6506
8975
9876
8339
3573
2754
5390
4552
9962
6691
2400
3588
3191
7895
5456
9760
6528
8500
7155
8756
6455
8297
9127
3299
825
3966
2857
2916
4902
8342
8352
1229
259
1887
4501
1585
3753
9870
6571
828
4713
8701
4798
4942
3680
3002
8927
101
9271
2939
681
8918
1478
675
8027
3793
1230
1170
4909
7698
4619
3478
2452
2204
1446
8470
1143
5135
428
2758
3769
4968
7243
2413
9440
4532
3080
3246
9520
3852
21
5094
6134
8306
2127
4893
4093
3768
1732
33
2858
4477
9611
8659
5307
2821
9587
9733
4148
3174
1319
3134
4224
8937
4539
9698
2401
1851
8430
5145
5850
3324
4575
7625
5168
3401
9226
6729
6081
8411
1789
9480
5828
203
6272
1598
9713
7373
6068
836
7335
2283
6504
8888
4663
7224
9359
935
9335
267
6367
3252
6119
4260
203
4292
4237
4306
3480
7781
2630
8203
8869
6794
9043
3347
3544
1439
7351
2131
6766
7741
516
6382
9454
3449
4217
1615
6571
3261
1451
7237
6753
4066
1341
4405
4741
34
7136
4214
5654
9938
337
1678
1655
4782
5398
78
9483
4814
4093
3305
381
8470
5568
1903
5448
2965
1017
9922
4757
3988
7003
8714
3836
4913
6254
1773
4318
8897
9656
727
2150
6282
8355
6040
8514
4679
4466
6161
4590
9950
9316
3552
3763
6271
3739
6684
8178
524
3418
9310
153
2422
6195
2468
4951
4081
2040
2941
3519
2169
4514
4431
8830
1359
2864
2336
152
3229
8916
4559
1394
5698
5902
5831
7156
2616
4559
4379
5628
7119
5371
9992
1010
4949
970
8335
527
8522
2588
9540
5914
2378
9489
3874
2140
3767
1186
8184
4389
2854
7221
8044
7520
7445
8118
8695
385
8053
1658
7619
3615
927
5075
6605
7560
8640
5338
8495
7450
1898
9938
2639
4580
2813
5461
476
645
5937
8259
2972
2982
7282
4529
3595
9296
8499
2148
229
1327
4109
3981
3081
3605
9464
7379
8492
5369
7845
8513
7874
6978
9014
5277
8691
6522
7078
3939
3873
8074
1068
7232
8468
5644
3004
7159
4440
3772
7248
1558
8431
9882
6650
386
8468
4283
7994
9601
8302
6516
2771
1039
9013
3348
7273
2571
181
3448
6153
2692
7116
2571
6917
8682
8015
3097
4337
4651
8243
5934
7017
7977
5499
4954
9343
102
4467
1435
4567
4304
4718
5375
3270
8387
8529
3154
1527
7512
9174
9636
7897
8928
1927
779
4899
3503
9790
6698
8826
9177
7484
456
1709
208
266
1168
2491
6952
9571
4734
5713
4760
7098
7984
2409
8732
9710
1338
5679
6791
2403
8244
9542
8267
5814
3990
786
7460
7548
1777
888
8406
5346
8578
6014
2044
6890
2538
3062
3804
6306
7731
3131
9332
9872
6060
8118
4056
9916
569
6158
9068
861
1877
6914
6220
7568
7080
3130
2216
3813
6673
4289
1552
7199
280
8304
4919
7232
778
2110
2417
2051
7292
2977
5619
9975
4648
5248
8843
7327
6166
1729
7443
2102
4325
8084
148
3456
8935
4153
7178
6890
8041
4237
5996
4266
4727
9152
472
7928
9079
7775
4207
4702
8391
8836
1154
5151
1988
6949
6423
103
9205
3172
5515
5384
2715
8394
2711
3767
8459
984
4015
2449
9574
8855
6568
4238
2187
1868
7777
5798
5627
2261
7504
5284
8041
3649
9679
9136
8897
588
8647
3785
1049
5138
1374
3270
5328
604
9770
3629
7168
477
8268
2835
2542
7342
5011
4777
4886
391
7253
107
7784
6223
6461
8046
8915
6267
7049
9572
3763
1015
3941
8351
8455
3622
5241
2515
797
1577
9629
2200
8314
9397
3050
1241
1708
4945
9141
8695
6160
4584
4193
6119
4241
4336
6283
1960
1102
3360
7430
8277
16
3115
8836
9836
249
1183
9623
8637
5056
7199
6972
6327
3091
9007
7059
7135
700
6940
8111
3568
5538
4342
1006
7354
5634
7027
6292
8885
2867
5027
3150
5256
1255
2881
8115
8386
7035
7533
4361
8965
7757
1236
9485
3976
9743
8387
1515
3039
1900
5382
8835
5778
7618
6998
9435
9419
9284
9886
7498
8888
942
1112
7656
8880
5461
6530
4544
2333
6404
5596
1980
2931
2728
9688
5952
1944
7901
2124
5450
9703
7099
3155
5585
3037
6361
8178
8762
6381
4393
6961
4931
9804
2052
1613
2560
8978
1200
1053
5708
4132
9038
1569
6442
6580
3592
1256
6405
733
189
5982
2377
8822
5297
6569
7967
3311
3773
1573
5636
753
823
717
419
6772
1509
5586
3080
1442
9369
9793
7731
9844
5262
6361
3407
1596
1848
8803
2791
2903
2745
7362
3747
8093
2581
8139
4745
2886
4584
1744
5216
9053
4026
6125
4845
4826
8950
3578
6526
5946
3772
8290
1126
6277
7531
9708
4617
7930
4705
1980
4147
9751
6131
5228
8749
6513
7869
7090
928
3537
3040
498
7844
749
7124
4179
1498
2117
2902
2683
3708
7833
6305
69
9618
511
6073
7994
6799
4320
1681
9376
45
1349
2091
8587
4853
7954
6486
4488
1596
7707
9952
8613
9603
5248
9877
7823
2089
35
9912
1865
6042
1775
52
5759
8565
4083
9417
515
6759
6448
1470
4994
6761
2378
744
3554
1281
2193
9305
5490
3176
2396
5006
6650
7096
310
1286
4610
3766
495
9169
9319
7981
7895
245
6686
4467
6297
3347
5374
9446
1057
5769
4263
216
56
343
3433
6813
241
6096
6905
6372
1778
2593
7158
1439
2654
6839
1999
8739
5493
9186
1604
9960
4987
3739
4610
278
9319
5045
5566
7050
2485
4244
4346
4303
7318
5324
595
4561
1521
4652
3689
1726
2184
4485
5882
6029
601
1298
7558
4839
2777
8238
3273
6395
2974
8777
6437
5008
7347
6798
332
599
8822
8563
6203
4800
5813
5901
3158
833
1210
6327
6550
2601
9713
2266
2703
3358
1447
5947
9998
2647
3936
9202
7301
1309
7980
4937
7258
7804
5795
2636
5296
6823
